760
751
740
748
750
755
759
764
778
771
764
761
758
758
761
766
779
777
768
772
765
781
763
770
779
792
781
795
754
761
751
750
747
780
773
766
759
754
754
760
765
785
782
768
761
753
752
755
761
776
783
768
763
755
752
757
763
783
783
769
762
755
754
762
770
792
780
766
753
751
756
762
766
784
761
761
757
754
760
756
762
778
777
766
759
754
752
754
756
761
771
765
762
759
756
757
760
766
778
772
766
762
759
760
763
771
786
780
769
763
759
759
764
771
789
783
766
745
749
750
758
765
791
780
768
761
753
750
751
757
765
784
773
764
758
752
753
758
766
781
778
766
762
756
755
761
767
788
787
773
766
758
757
763
771
795
794
775
763
753
753
773
759
782
784
768
756
742
725
730
745
765
783
772
766
760
768
753
766
766
783
769
764
758
756
757
764
782
786
774
764
757
754
760
767
790
