762.0
740.0
752.0
755.0
777.0
765.0
760.0
758.0
775.0
771.0
764.0
776.0
773.0
786.0
777.0
763.0
731.0
795.0
759.0
752.0
755.0
799.0
759.0
751.0
752.0
792.0
761.0
752.0
753.0
797.0
761.0
753.0
759.0
801.0
753.0
754.0
758.0
781.0
758.0
759.0
749.0
790.0
758.0
751.0
754.0
771.0
762.0
757.0
756.0
777.0
767.0
760.0
759.0
784.0
773.0
761.0
759.0
784.0
781.0
739.0
752.0
786.0
771.0
757.0
749.0
755.0
790.0
758.0
750.0
756.0
791.0
760.0
754.0
756.0
803.0
764.0
756.0
758.0
812.0
766.0
743.0
764.0
799.0
758.0
729.0
732.0
787.0
763.0
771.0
751.0
783.0
762.0
758.0
752.0
798.0
766.0
754.0
755.0
809.0
