757.0
734.0
783.0
765.0
753.0
749.0
771.0
780.0
756.0
754.0
748.0
793.0
754.0
740.0
753.0
789.0
758.0
757.0
757.0
794.0
775.0
762.0
754.0
765.0
767.0
751.0
752.0
787.0
765.0
752.0
750.0
782.0
767.0
755.0
748.0
778.0
770.0
760.0
757.0
796.0
763.0
772.0
753.0
799.0
735.0
752.0
770.0
799.0
778.0
734.0
748.0
799.0
759.0
749.0
758.0
794.0
764.0
754.0
754.0
767.0
761.0
756.0
765.0
804.0
764.0
738.0
753.0
803.0
753.0
714.0
761.0
807.0
755.0
747.0
749.0
813.0
759.0
755.0
751.0
789.0
762.0
756.0
756.0
803.0
767.0
756.0
747.0
779.0
759.0
748.0
772.0
789.0
766.0
748.0
749.0
799.0
770.0
748.0
750.0
