763.0
755.0
755.0
804.0
763.0
754.0
761.0
804.0
728.0
747.0
749.0
801.0
758.0
751.0
750.0
791.0
761.0
753.0
752.0
785.0
766.0
756.0
755.0
797.0
769.0
758.0
758.0
788.0
779.0
751.0
750.0
771.0
781.0
757.0
750.0
758.0
788.0
759.0
752.0
752.0
795.0
761.0
755.0
756.0
798.0
767.0
758.0
763.0
779.0
775.0
754.0
716.0
774.0
787.0
756.0
751.0
752.0
806.0
755.0
748.0
750.0
791.0
766.0
755.0
752.0
777.0
776.0
761.0
757.0
775.0
790.0
761.0
749.0
748.0
802.0
756.0
750.0
748.0
774.0
775.0
755.0
749.0
752.0
797.0
780.0
747.0
754.0
792.0
773.0
758.0
749.0
780.0
781.0
751.0
750.0
762.0
786.0
752.0
756.0
