798.0
752.0
746.0
746.0
803.0
783.0
739.0
747.0
792.0
764.0
755.0
767.0
773.0
768.0
758.0
731.0
766.0
772.0
724.0
751.0
764.0
782.0
761.0
754.0
755.0
792.0
765.0
753.0
755.0
793.0
766.0
756.0
754.0
780.0
770.0
765.0
720.0
774.0
794.0
749.0
750.0
763.0
795.0
754.0
748.0
756.0
797.0
758.0
752.0
756.0
791.0
768.0
758.0
759.0
768.0
770.0
767.0
763.0
779.0
768.0
757.0
756.0
766.0
783.0
756.0
754.0
756.0
794.0
762.0
749.0
753.0
811.0
759.0
757.0
759.0
782.0
786.0
757.0
755.0
747.0
778.0
756.0
752.0
756.0
793.0
741.0
745.0
748.0
790.0
767.0
755.0
754.0
774.0
773.0
760.0
756.0
764.0
793.0
764.0
