730.0
792.0
750.0
755.0
756.0
778.0
747.0
753.0
753.0
790.0
763.0
759.0
759.0
803.0
770.0
762.0
760.0
787.0
764.0
762.0
766.0
752.0
775.0
767.0
755.0
768.0
785.0
759.0
753.0
770.0
791.0
760.0
753.0
754.0
819.0
764.0
752.0
757.0
792.0
766.0
758.0
760.0
777.0
735.0
756.0
752.0
800.0
764.0
753.0
751.0
794.0
776.0
763.0
748.0
781.0
764.0
760.0
753.0
784.0
765.0
760.0
760.0
782.0
772.0
735.0
755.0
783.0
768.0
757.0
772.0
772.0
768.0
756.0
754.0
769.0
769.0
761.0
758.0
781.0
769.0
762.0
760.0
783.0
773.0
762.0
751.0
778.0
760.0
737.0
755.0
774.0
773.0
760.0
755.0
773.0
775.0
761.0
758.0
783.0
