760.0
758.0
790.0
772.0
762.0
775.0
787.0
759.0
755.0
754.0
774.0
785.0
749.0
754.0
765.0
781.0
762.0
751.0
769.0
785.0
763.0
758.0
774.0
793.0
764.0
759.0
770.0
799.0
759.0
752.0
746.0
786.0
762.0
755.0
765.0
780.0
762.0
759.0
768.0
784.0
765.0
759.0
759.0
792.0
772.0
770.0
755.0
787.0
785.0
745.0
753.0
763.0
789.0
763.0
755.0
758.0
766.0
759.0
753.0
756.0
794.0
764.0
757.0
757.0
805.0
765.0
758.0
759.0
795.0
772.0
757.0
730.0
773.0
778.0
757.0
752.0
762.0
785.0
759.0
753.0
763.0
801.0
762.0
755.0
763.0
802.0
764.0
758.0
759.0
803.0
766.0
761.0
729.0
787.0
769.0
760.0
758.0
783.0
770.0
